Settimana Tot_Medici Tot_casi Tot_assistiti incidenza_tot
2011-42 943 575 1.219.940 0,47 119 1,45 75 0,47 328 0,45 53 0,21 
2011-43 964 678 1.249.580 0,54 151 1,76 75 0,45 398 0,53 54 0,21 
2011-44 1.011 697 1.309.539 0,53 137 1,52 78 0,45 396 0,51 86 0,33 
2011-45 1.031 967 1.338.800 0,72 171 1,89 106 0,60 579 0,72 111 0,41 
2011-46 1.051 1.213 1.365.436 0,89 205 2,15 160 0,87 744 0,92 104 0,38 
2011-47 1.057 1.557 1.371.719 1,14 267 2,82 210 1,15 925 1,13 155 0,56 
2011-48 1.038 1.735 1.343.497 1,29 298 3,25 285 1,58 988 1,23 164 0,60 
2011-49 1.062 1.885 1.381.052 1,36 333 3,56 330 1,81 1044 1,27 178 0,64 
2011-50 1.066 2.430 1.382.449 1,76 418 4,43 449 2,47 1355 1,64 208 0,75 
2011-51 996 2.843 1.293.427 2,20 584 6,57 578 3,31 1462 1,90 219 0,84 
2011-52 1.025 4.074 1.325.645 3,07 768 8,62 737 4,23 2161 2,72 408 1,52 
2012-01 1.054 4.262 1.362.420 3,13 597 6,40 689 3,80 2497 3,07 479 1,75 
2012-02 1.086 5.945 1.402.095 4,24 898 9,15 1034 5,46 3363 4,04 650 2,31 
2012-03 1.091 8.885 1.409.479 6,30 1982 20,12 2163 11,31 4041 4,84 699 2,46 
2012-04 1.089 12.514 1.412.141 8,86 2952 30,64 3361 17,80 5391 6,40 810 2,84 
2012-05 1.086 13.551 1.406.014 9,64 2710 27,71 3271 17,29 6500 7,78 1070 3,78 
2012-06 1.069 12.266 1.383.540 8,87 2161 23,00 2648 14,44 6397 7,75 1060 3,78 
2012-07 1.053 9.713 1.361.116 7,14 1638 17,59 2001 11,00 5228 6,45 846 3,07 
2012-08 1.020 7.576 1.317.310 5,75 1221 13,16 1485 8,32 4121 5,29 749 2,81 
2012-09 1.021 5.335 1.324.899 4,03 852 9,60 953 5,55 2983 3,75 547 2,03 
2012-10 999 3.815 1.293.421 2,95 625 7,14 727 4,22 2069 2,68 394 1,50 
2012-11 965 2.661 1.249.960 2,13 432 5,17 528 3,23 1418 1,90 283 1,11 
2012-12 954 1.842 1.235.802 1,49 336 3,94 349 2,12 987 1,34 170 0,68 
2012-13 923 1.362 1.210.043 1,13 254 3,07 231 1,45 747 1,03 130 0,53 
2012-14 861 952 1.115.411 0,85 160 2,10 165 1,13 524 0,79 103 0,45 
2012-15 861 933 1.116.569 0,84 126 1,73 152 1,06 564 0,84 91 0,40 
2012-16 828 729 1.070.016 0,68 123 1,74 119 0,85 415 0,65 72 0,33 
2012-17 691 412 889.445 0,46 72 1,25 71 0,61 221 0,42 48 0,26 
