Settimana Tot_Medici Tot_casi Tot_assistiti incidenza_tot
2003-42 776 357 1000656 0,36 43 0,71 48 0,39 206 0,33 60 0,31
2003-43 824 500 1066723 0,47 61 0,96 66 0,50 299 0,45 74 0,36
2003-44 887 597 1150866 0,52 72 1,07 76 0,54 354 0,49 95 0,43
2003-45 922 723 1204797 0,60 90 1,33 98:quote 0,68 431 0,57 104 0,45
2003-46 955 742 1251026 0,59 90 1,29 95 0,64 438 0,55 119 0,49
2003-47 952 866 1244433 0,70 113 1,60 119 0,80 523 0,67 111 0,46
2003-48 956 805 1250648 0,64 108 1,52 125 0,83 488 0,62 84 0,35
2003-49 949 990 1242983 0,80 142 2,04 175 1,19 562 0,71 111 0,46
2003-50 960 1238 1256363 0,99 207 2,96 211 1,42 690 0,87 130 0,54
2003-51 949 1615 1242043 1,30 225 3,22 293 1,99 898 1,14 199 0,83
2003-52 922 1589 1207104 1,32 208 3,13 313 2,23 880 1,15 188 0,80
2004-01 917 2058 1202319 1,71 169 2,63 308 2,22 1297 1,69 284 1,22
2004-02 940 2670 1227765 2,17 240 3,53 353 2,44 1755 2,25 322 1,36
2004-03 950 3512 1243420 2,82 440 6,39 586 4,00 2092 2,65 394 1,64
2004-04 947 4543 1237574 3,67 805 11,57 945 6,43 2391 3,05 402 1,70
2004-05 947 5440 1236811 4,40 851 12,48 1225 8,39 2925 3,73 439 1,84
2004-06 951 5988 1240307 4,83 968 13,95 1340 9,09 3172 4,04 508 2,14
2004-07 934 5809 1222902 4,75 963 14,50 1283 9,04 3005 3,86 558 2,37
2004-08 932 5618 1215472 4,62 878 12,82 1272 8,76 2960 3,85 508 2,18
2004-09 919 4793 1197005 4,00 718 10,66 1099 7,66 2521 3,33 455 1,99
2004-10 919 4267 1198232 3,56 612 9,25 1051 7,39 2200 2,89 404 1,76
2004-11 916 3922 1191925 3,29 614 9,30 976 6,88 2018 2,67 314 1,38
2004-12 899 3205 1168862 2,74 434 6,51 914 6,51 1566 2,12 291 1,30
2004-13 877 2458 1144868 2,15 391 5,95 761 5,50 1124 1,56 182 0,83
2004-14 850 1870 1110636 1,68 259 4,08 572 4,29 911 1,30 128 0,60
2004-15 818 1285 1067732 1,20 159 2,64 370 2,87 649 0,96 107 0,53
2004-16 778 782 1016345 0,77 96 1,72 196 1,62 405 0,63 85 0,44
2004-17 695 539 901833 0,60 74 1,49 124 1,16 273 0,48 68 0,39
