Settimana Tot_Medici Tot_casi Tot_assistiti incidenza_tot
2010-42 882 834 1158321 0,72 168 2,03 142 0,88 453 0,66 71 0,31 
2010-43 1026 1085 1345810 0,81 181 1,94 213 1,17 591 0,73 100 0,38 
2010-44 1050 1122 1375503 0,82 176 1,81 208 1,11 636 0,78 102 0,37 
2010-45 1063 1315 1396468 0,94 200 2,06 246 1,32 735 0,88 134 0,48 
2010-46 1072 1514 1409976 1,07 265 2,71 264 1,41 852 1,01 133 0,47 
2010-47 1074 1801 1409016 1,28 329 3,33 364 1,92 974 1,16 134 0,48 
2010-48 1075 1995 1409379 1,42 322 3,19 437 2,26 1099 1,31 137 0,49 
2010-49 1080 2423 1415655 1,71 418 4,19 653 3,38 1182 1,40 170 0,61 
2010-50 1091 3315 1430177 2,32 595 5,84 900 4,59 1635 1,93 185 0,65 
2010-51 1050 4369 1380714 3,16 807 8,50 1220 6,62 2072 2,51 270 0,98 
2010-52 1058 6108 1389759 4,40 1076 11,12 1610 8,64 3025 3,64 397 1,44 
2011-01 1088 7074 1419612 4,98 983 9,95 1237 6,57 4318 5,08 536 1,90 
2011-02 1116 9426 1462949 6,44 1295 12,27 1880 9,32 5600 6,45 651 2,26 
2011-03 1114 11946 1456258 8,20 2251 20,96 3360 16,46 5830 6,79 505 1,77 
2011-04 1101 14950 1435437 10,41 3017 28,62 4901 25,07 6447 7,58 585 2,06 
2011-05 1102 15940 1444480 11,04 3011 29,12 5646 28,59 6689 7,80 594 2,08 
2011-06 1089 14308 1423688 10,05 2753 26,49 4943 24,94 6061 7,21 551 1,96 
2011-07 1069 10849 1396634 7,77 2172 21,03 3405 17,31 4795 5,83 477 1,74 
2011-08 1046 7503 1375522 5,45 1489 15,11 2160 11,46 3509 4,30 345 1,27 
2011-09 1026 5594 1358931 4,12 1046 10,70 1419 7,56 2799 3,48 330 1,23 
2011-10 1000 4075 1315090 3,10 761 8,17 965 5,37 2092 2,68 257 0,98 
2011-11 916 2723 1296669 2,10 486 5,25 571 3,18 1461 1,91 205 0,79 
2011-12 963 2072 1267894 1,63 390 4,42 410 2,38 1117 1,48 155 0,61 
2011-13 932 1397 1227822 1,14 261 3,13 264 1,60 753 1,03 119 0,48 
2011-14 886 1096 1169795 0,94 212 2,64 209 1,39 584 0,83 91 0,38 
2011-15 860 926 1132491 0,82 183 2,43 157 1,10 502 0,73 84 0,36 
2011-16 781 690 1026856 0,67 143 2,15 101 0,80 392 0,63 54 0,26 
2011-17 596 412 785802 0,52 82 1,54 57 0,56 235 0,50 38 0,24 

