Settimana Tot_Medici Tot_casi Tot_assistiti incidenza_tot
2006-42 648 216 839158 0,26 37 0,71 41 0,40 126 0,24 12 0,07 
2006-43 728 257 940408 0,27 36 0,61 47 0,40 132 0,23 42 0,23 
2006-44 786 264 1018516 0,26 35 0,56 42 0,34 139 0,22 48 0,24 
2006-45 856 482 1112240 0,43 68 1,00 71 0,52 268 0,39 75 0,34 
2006-46 871 576 1128853 0,51 97 1,40 100 0,72 294 0,42 85 0,38 
2006-47 879 599 1139219 0,53 103 1,47 113 0,81 294 0,42 89 0,39 
2006-48 893 683 1157608 0,59 122 1,71 141 0,99 342 0,48 78 0,34 
2006-49 890 751 1155228 0,65 125 1,77 149 1,06 373 0,52 104 0,45 
2006-50 878 1022 1141139 0,90 195 2,77 175 1,25 521 0,74 131 0,58 
2006-51 846 1221 1101079 1,11 245 3,65 259 1,93 566 0,83 151 0,69 
2006-52 846 1783 1098249 1,62 353 5,29 363 2,71 850 1,25 217 1,00 
2007-01 881 2069 1143863 1,81 298 4,35 338 2,44 1169 1,65 264 1,16 
2007-02 896 2599 1162870 2,23 335 4,76 437 3,10 1536 2,13 291 1,26 
2007-03 902 3639 1171110 3,11 727 10,27 924 6,46 1719 2,37 269 1,16 
2007-04 896 5436 1164898 4,67 1165 16,76 1552 11,03 2322 3,21 397 1,71 
2007-05 895 7210 1160725 6,21 1371 19,56 2095 14,89 3284 4,56 460 2,00 
2007-06 897 8830 1165694 7,57 1594 22,69 2448 17,38 4191 5,79 597 2,58 
2007-07 876 8729 1134904 7,69 1646 23,93 2390 17,33 4098 5,83 595 2,65 
2007-08 874 7335 1132554 6,48 1426 21,02 1947 14,18 3443 4,90 519 2,30 
2007-09 867 5202 1123879 4,63 980 14,34 1358 9,90 2481 3,57 383 1,71 
2007-10 852 3424 1100967 3,11 620 9,30 834 6,21 1675 2,46 295 1,35 
2007-11 830 2417 1076824 2,24 453 7,01 594 4,56 1166 1,74 204 0,96 
2007-12 813 1886 1056618 1,78 373 5,97 462 3,62 885 1,35 166 0,79 
2007-13 806 1421 1047465 1,36 262 4,30 328 2,64 723 1,11 108 0,51 
2007-14 758 906 985213 0,92 158 2,80 191 1,67 485 0,79 72 0,36 
2007-15 742 689 965529 0,71 134 2,36 139 1,22 349 0,58 67 0,35 
2007-16 719 518 933995 0,55 116 2,09 111 1,00 239 0,41 52 0,28 
2007-17 664 268 867269 0,31 54 1,09 67 0,68 114 0,21 33 0,19 

