Settimana Tot_Medici Tot_casi Tot_assistiti incidenza_tot
2009-43 1094 6379 1419989 4,49 1027 10,47 2787 14,40 2304 2,72 261 0,93 
2009-44 1133 13716 1472629 9,31 1830 17,99 6822 33,72 4687 5,34 377 1,30 
2009-45 1150 18893 1494023 12,65 2717 25,75 9037 43,60 6644 7,48 495 1,69 
2009-46 1165 19515 1509971 12,92 2788 25,70 9128 43,14 7049 7,88 550 1,86 
2009-47 1141 16318 1480887 11,02 2427 22,81 7519 36,10 5875 6,71 497 1,71 
2009-48 1148 9989 1486770 6,72 1676 15,57 4003 19,12 3864 4,39 446 1,54 
2009-49 1082 5269 1400389 3,76 952 9,40 1738 8,84 2277 2,75 302 1,10 
2009-50 1124 3284 1457341 2,25 602 5,85 912 4,52 1520 1,75 250 0,87 
2009-51 1132 2707 1471026 1,84 462 4,40 685 3,32 1318 1,52 242 0,83 
2009-52 1085 1870 1420740 1,32 274 2,76 454 2,30 928 1,10 214 0,77 
2009-53 1034 1726 1337006 1,29 228 2,45 390 2,09 868 1,09 240 0,91 
2010-01 1111 1966 1443528 1,36 240 2,42 344 1,74 1112 1,29 270 0,94 
2010-02 1142 2169 1480339 1,47 309 2,94 418 2,03 1183 1,35 259 0,89 
2010-03 1134 2451 1466107 1,67 494 4,71 545 2,66 1197 1,38 215 0,74 
2010-04 1134 2798 1463800 1,91 594 5,75 609 2,99 1342 1,55 253 0,88 
2010-05 1127 2916 1458557 2,00 647 6,20 681 3,33 1329 1,54 259 0,90 
2010-06 1103 3011 1423086 2,12 704 6,87 739 3,69 1299 1,55 269 0,96 
2010-07 1102 2945 1425207 2,07 757 7,53 735 3,74 1201 1,42 252 0,89 
2010-08 1096 2802 1416534 1,98 761 7,45 801 4,04 1014 1,21 226 0,81 
2010-09 1077 2508 1387460 1,81 623 6,19 720 3,70 952 1,16 213 0,78 
2010-10 1076 2288 1386900 1,65 579 5,77 629 3,22 884 1,08 196 0,72 
2010-11 1049 1872 1352529 1,38 466 4,74 514 2,69 730 0,92 162 0,60 
2010-12 1023 1693 1318026 1,28 412 4,29 473 2,56 643 0,83 165 0,63 
2010-13 996 1345 1283945 1,05 337 3,68 348 1,97 522 0,69 138 0,54 
2010-14 999 1204 1295391 0,93 257 2,81 286 1,60 518 0,68 143 0,56 
2010-15 980 1041 1269040 0,82 243 2,70 227 1,31 442 0,59 129 0,51 

