Settimana Tot_Medici Tot_casi Tot_assistiti incidenza_tot
2004-42 650 210 845492 0,25 40 0,80 28 0,28 109 0,21 33 0,20 
2004-43 697 332 907066 0,37 67 1,23 74 0,67 158 0,28 33 0,19 
2004-44 755 284 985895 0,29 51 0,89 45 0,38 159 0,26 29 0,15 
2004-45 809 386 1054900 0,37 60 0,98 73 0,57 203 0,31 50 0,25 
2004-46 842 508 1095060 0,46 64 0,99 86 0,64 278 0,41 80 0,38 
2004-47 863 715 1118847 0,64 107 1,62 122 0,89 395 0,56 91 0,42 
2004-48 870 739 1128794 0,65 90 1,35 131 0,94 431 0,61 87 0,40 
2004-49 862 869 1118415 0,78 142 2,20 135 0,99 500 0,71 92 0,42 
2004-50 876 956 1135350 0,84 153 2,33 175 1,27 517 0,72 111 0,51 
2004-51 872 1402 1130134 1,24 202 3,11 299 2,17 734 1,04 167 0,77 
2004-52 859 1989 1116857 1,78 288 4,59 456 3,44 1020 1,45 225 1,03 
2004-53 851 3195 1102496 2,90 421 6,39 559 4,15 1735 2,52 480 2,26 
2005-01 859 3901 1116650 3,49 411 6,31 545 4,07 2369 3,37 576 2,67 
2005-02 876 5749 1135002 5,07 603 8,99 1005 7,26 3394 4,77 747 3,42 
2005-03 871 8926 1131789 7,89 1175 17,81 2209 16,10 4295 6,05 1247 5,70 
2005-04 870 12797 1128454 11,34 1527 23,16 3453 25,26 6362 8,98 1455 6,68 
2005-05 863 15388 1120885 13,73 1770 27,34 4032 29,78 7820 11,11 1766 8,15 
2005-06 867 16370 1122150 14,59 1933 30,01 3867 28,76 8725 12,38 1845 8,45 
2005-07 852 14026 1103065 12,72 1768 27,89 3288 24,77 7131 10,28 1839 8,61 
2005-08 842 10361 1089376 9,51 1332 21,03 2513 19,07 5278 7,73 1238 5,86 
2005-09 813 7253 1050834 6,90 954 15,23 1765 13,61 3583 5,45 951 4,72 
2005-10 801 5147 1039688 4,95 711 11,88 1236 9,80 2501 3,83 699 3,47 
2005-11 731 3249 949596 3,42 417 7,88 662 5,97 1658 2,77 512 2,75 
2005-12 728 1940 945662 2,05 258 4,81 367 3,23 1021 1,72 294 1,60 
2005-13 709 1099 924574 1,19 139 2,67 174 1,59 565 0,97 221 1,23 
2005-14 674 789 874554 0,90 98 1,87 104 0,98 416 0,76 171 1,01 
2005-15 622 530 813623 0,65 68 1,39 71 0,72 329 0,65 62 0,39 
2005-16 419 261 543499 0,48 48 1,54 39 0,61 158 0,46 16 0,15
