Settimana Tot_Medici Tot_casi Tot_assistiti incidenza_tot
2005-42 835 276 1070858 0,26 40 0,60 44 0,32 160 0,24 32 0,15 
2005-43 861 311 1110383 0,28 37 0,56 51 0,37 178 0,26 45 0,21 
2005-44 904 361 1166611 0,31 51 0,74 49 0,34 211 0,29 50 0,22 
2005-45 907 431 1170176 0,37 65 0,94 61 0,42 264 0,36 41 0,18 
2005-46 908 567 1169337 0,48 88 1,26 102 0,70 312 0,43 65 0,28 
2005-47 932 786 1205935 0,65 115 1,63 117 0,79 469 0,63 85 0,36 
2005-48 921 869 1193932 0,73 139 2,00 144 0,99 483 0,65 103 0,43 
2005-49 943 884 1219439 0,72 154 2,14 170 1,12 482 0,64 78 0,32 
2005-50 936 1102 1213338 0,91 167 2,30 198 1,30 612 0,82 125 0,52 
2005-51 921 1229 1198878 1,03 215 3,16 231 1,57 664 0,89 119 0,50 
2005-52 909 1398 1173595 1,19 236 3,40 239 1,62 744 1,03 179 0,77 
2006-01 922 1529 1195086 1,28 205 2,96 267 1,83 856 1,15 201 0,85 
2006-02 940 1892 1214098 1,56 192 2,70 261 1,74 1226 1,63 213 0,89 
2006-03 943 2230 1218285 1,83 302 4,20 388 2,56 1285 1,70 255 1,06 
2006-04 938 2489 1215707 2,05 420 5,93 472 3,19 1336 1,77 261 1,08 
2006-05 930 2773 1207067 2,30 494 7,12 647 4,41 1371 1,83 261 1,09 
2006-06 938 2970 1212493 2,45 552 7,77 651 4,38 1489 1,98 278 1,15 
2006-07 933 3029 1206890 2,51 503 7,18 661 4,50 1574 2,10 291 1,21 
2006-08 924 3091 1196278 2,58 562 8,03 791 5,38 1460 1,97 278 1,17 
2006-09 901 3029 1166752 2,60 570 8,52 724 5,14 1481 2,04 254 1,09 
2006-10 906 2951 1171636 2,52 492 7,33 872 6,15 1381 1,89 206 0,88 
2006-11 893 3102 1157701 2,68 532 8,09 983 7,04 1361 1,89 226 0,98 
2006-12 880 3089 1142725 2,70 529 8,30 1013 7,41 1333 1,87 214 0,93 
2006-13 855 2491 1108213 2,25 431 6,88 878 6,55 1021 1,48 161 0,72 
2006-14 820 1846 1063264 1,74 307 5,09 665 5,11 761 1,15 113 0,54 
2006-15 743 1104 967359 1,14 229 4,34 365 3,22 453 0,75 57 0,29 
2006-16 692 668 899141 0,74 129 2,75 205 1,97 271 0,48 63 0,35 
2006-17 598 382 791858 0,48 66 1,66 120 1,34 173 0,34 23 0,14 

