Settimana Tot_Medici Tot_casi Tot_assistiti incidenza_tot
2007-42 822 209 1075194 0,19 30 0,47 19 0,15 126 0,19 34 0,16 
2007-43 839 353 1112987 0,32 44 0,67 54 0,40 209 0,30 46 0,21 
2007-44 857 290 1133791 0,26 37 0,55 39 0,29 158 0,22 56 0,25 
2007-45 885 477 1172206 0,41 91 1,30 79 0,55 249 0,34 58 0,25 
2007-46 899 608 1191998 0,51 98 1,40 101 0,71 328 0,44 81 0,34 
2007-47 914 729 1197422 0,61 118 1,65 127 0,88 394 0,53 90 0,38 
2007-48 885 914 1157504 0,79 149 2,10 171 1,19 483 0,68 111 0,49 
2007-49 922 1079 1206693 0,89 165 2,27 195 1,32 598 0,80 121 0,50 
2007-50 916 1444 1198903 1,20 235 3,27 263 1,81 789 1,06 157 0,66 
2007-51 903 2224 1175626 1,89 334 4,63 508 3,55 1187 1,63 195 0,84 
2007-52 812 3126 1070366 2,92 364 5,88 603 4,77 1866 2,80 293 1,36 
2008-01 913 5468 1198250 4,56 548 7,63 830 5,74 3569 4,80 521 2,18 
2008-02 940 7390 1234887 5,98 853 11,82 1241 8,48 4627 6,01 669 2,71 
2008-03 936 8017 1225495 6,54 1473 19,77 1983 13,16 3960 5,22 601 2,48 
2008-04 914 8346 1200731 6,95 1596 22,18 2392 16,44 3799 5,09 559 2,36 
2008-05 917 8701 1206563 7,21 1643 23,05 2535 17,46 3925 5,23 598 2,50 
2008-06 909 8287 1192437 6,95 1566 22,55 2449 17,37 3664 4,92 608 2,56 
2008-07 905 7839 1185316 6,61 1350 19,00 2153 15,15 3736 5,07 600 2,55 
2008-08 895 7421 1174934 6,32 1184 17,02 2004 14,42 3664 5,00 569 2,43 
2008-09 887 6555 1165703 5,62 1084 15,75 1723 12,48 3223 4,43 525 2,27 
2008-10 872 4705 1140119 4,13 742 10,91 1224 9,02 2324 3,27 415 1,84 
2008-11 826 2978 1082848 2,75 459 7,26 733 5,75 1528 2,26 258 1,19 
2008-12 793 2009 1045931 1,92 286 4,81 459 3,89 1055 1,60 209 0,99 
2008-13 787 1390 1040374 1,34 192 3,29 262 2,25 779 1,19 157 0,75 
2008-14 759 966 999892 0,97 128 2,23 162 1,42 548 0,87 128 0,64 
2008-15 711 644 941501 0,68 81 1,54 101 0,96 377 0,63 85 0,45 
2008-16 622 394 827900 0,48 59 1,34 49 0,55 239 0,45 47 0,28 
2008-17 433 176 568094 0,31 27 0,87 23 0,36 110 0,31 16 0,14
